3.505000000000000000e+02
4.505000000000000000e+02
5.505000000000000000e+02
6.505000000000000000e+02
7.505000000000000000e+02
8.505000000000000000e+02
9.505000000000000000e+02
1.050500000000000000e+03
1.150500000000000000e+03
1.250500000000000000e+03
1.350500000000000000e+03
1.450500000000000000e+03
1.550500000000000000e+03
1.650500000000000000e+03
1.750500000000000000e+03
1.850500000000000000e+03
1.950500000000000000e+03
2.150500000000000000e+03
2.350500000000000000e+03
2.550500000000000000e+03
2.750500000000000000e+03
2.950500000000000000e+03
3.150500000000000000e+03
3.350500000000000000e+03
3.550500000000000000e+03
3.750500000000000000e+03
3.950500000000000000e+03
4.150500000000000000e+03
4.350500000000000000e+03
4.550500000000000000e+03
4.750500000000000000e+03
4.950500000000000000e+03
5.150500000000000000e+03
5.350500000000000000e+03
5.550500000000000000e+03
5.750500000000000000e+03
5.950500000000000000e+03
6.150500000000000000e+03
6.350500000000000000e+03
6.550500000000000000e+03
6.750500000000000000e+03
6.950500000000000000e+03
7.150500000000000000e+03
